1 0.8834387675385851 0.35462135780488097 0.0016473435263104426 0.0017620776542136769 2
1 0.8929772364732791 0.34001782491272786 0.0016620435943241441 0.0017717033739560759 2
1 0.8769592492715714 0.2992075044204587 0.0019205166840173603 0.0017574580278149545 2
1 0.41286718307823544 0.9141205476409483 0.001257362999132569 0.0013144203710139502 2
1 0.7699807769722719 0.5557512318852698 0.001440839709988374 0.001637213190286311 2
1 0.492838658460531 0.7770071264606394 0.004160017153847866 0.002487087212615476 2
1 0.6284542439401767 0.8143276081540182 0.0011762258853084857 0.001488877568926362 2
1 0.5232582064287362 0.9987265273128887 0.0009798853106258198 0.0013879377021512086 2
1 0.8208695994014471 0.46064504839525955 0.0015378984030803725 0.00168876686875733 2
1 0.6369172055772961 0.8847419182478212 0.0011764907464659362 0.0014483940722354162 2
0 0.23519671162242767 0.4100399100225381 0.0016501298566608653 0.0012531019540447546 2
1 0.768892118779735 0.5544348743765942 0.0014407461616642602 0.001632862095278279 2
0 0.5767420713067098 0.3376681837869894 0.00141717562388385 0.0022882518729627566 2
1 0.697369564255906 0.7941158946670254 0.0011919183284126774 0.0015569409249482724 2
1 0.7189486349858031 0.6435624093241402 0.0013497661719771596 0.0015842410832692436 2
1 0.7452483359873086 0.8313715142612055 0.001163917406174119 0.0016182627481696136 2
1 0.539096743448628 0.9693260844850757 0.0010145464348051837 0.001406143703242522 2
1 0.6651664725725059 0.7384804258947648 0.0012512793366879955 0.0015255060532424133 2
1 0.4957790188328191 0.5030510239914855 0.001606364914804725 0.0013125452457649375 2
1 0.2839427059024915 0.909719898093695 0.0011318701063051256 0.0011097149028870322 2
1 0.6596054042658663 0.7507866421042744 0.0012380281319396861 0.0015221859607253982 2
1 0.7909942245702437 0.5160786374050655 0.0014821452027389548 0.0016582644689953322 2
1 0.6659043111729788 0.7315155402563328 0.0012599916928963647 0.0015292965108971335 2
0 0.37630851823417927 0.9105191291941025 0.00879969831164604 0.003125450957655394 2
1 0.7780090207295536 0.5364906545815323 0.0014634184004371953 0.0016455119292265003 2
1 0.5207540686110218 0.9986860601439377 0.0009841968994785352 0.0013879317807694354 2
1 0.5753883575130673 0.9035339555741431 0.0010798020220581374 0.0014374378051937961 2
1 0.7797155702106622 0.5316157934832636 0.0014635735276622703 0.0016454468980372236 2
1 0.6689579743197129 0.7315416925820176 0.0012557849260779936 0.0015292986217177158 2
1 0.8281656417138079 0.45163541712312805 0.0015475173330658323 0.0017018928649613018 2
1 0.46434670251458593 0.9084814287923911 0.0011312067280355258 0.0013137855860001165 2
1 0.46483073373729716 0.4948176254325804 0.0019004684603063917 0.001342793293994802 2
0 0.6230094613699626 0.4290045759077684 0.011363915836361446 0.007060359373509421 2
0 0.2987725800360867 0.4495541067675973 0.00159222011114021 0.0009368284565349851 2
1 0.6159190888311137 0.8279150207337118 0.0011585431056865842 0.0014771401789715462 2
1 0.8960565800498265 0.33001629890830864 0.0016713746271746275 0.0017767508594541915 2
2 0.7783065469165834 0.9123839777068431 0.0010696459500564596 0.0016517307399899577 2
0 0.44710528057530563 0.4951935413622569 0.0019786458282553335 0.000893422276217615 2
1 0.8935952209982966 0.4426655807140613 0.0015513822837709512 0.001762609374213722 2
1 0.6685564330873962 0.7303191261806717 0.0012601081655597944 0.0015335585267330267 2
1 0.7255846314715424 0.6322281821205261 0.0013632654316503366 0.0015923314164445425 2
1 0.795772403446947 0.542411751135103 0.0018113068338389256 0.0018876430433546745 2
0 0.4697323107490528 0.23223757173582607 0.06808823941595413 0.004194540338395434 2
1 0.7137239301014284 0.6426043002872699 0.0013494375266210582 0.0015755200780523048 2
1 0.7595072108794859 0.62856039556698 0.0013656923168220677 0.00162248159765258 2
1 0.5192006176064347 0.9987557535968191 0.0009798703349389666 0.0013834455921257855 2
