1 0.2629354458407657 0.3606016347788013 0.001538433147738858 0.00184407133859669 3
1 0.3518484907749366 0.22746541893908062 0.001653843623784149 0.0019526777777709636 3
1 0.48651498180177727 0.843877921275056 0.0010619516006394095 0.002029444419386451 3
1 0.5628631517168476 0.9274024429079071 0.0010407114754717895 0.0021213591592113197 3
1 0.2732808148058983 0.3469262182921365 0.0015506627733596363 0.0018536497280841184 3
1 0.2602993105765921 0.3052017384419079 0.001804691978411542 0.00186564571955556 3
1 0.6188877223328275 0.7732736357554661 0.001136969071782802 0.002158393836673262 3
0 0.882221223052895 0.4385755966977874 0.00994212365319886 0.007512966673309949 3
1 0.13639946992786378 0.5528851140643334 0.0013663797734990107 0.0016976726130011706 3
2 0.5295846758627019 0.3983540189399083 0.0014466343585618393 0.002071405532788508 3
1 0.19386765241093284 0.46118528809667675 0.001448503381643024 0.001766552699724638 3
2 0.6243668491337978 0.6567788541348218 0.0012150901976363292 0.0021446047836302076 3
1 0.6609938961211851 0.6765694634096467 0.0016112544625916888 0.002949856116275874 3
0 0.2513756683171949 0.8139106321360113 0.029148629651973176 0.0037455130816563004 3
1 0.13539303201250175 0.5514974975986014 0.001366486661121913 0.001697643076810046 3
1 0.44437752294800986 0.08744752001287712 0.0017712142702746413 0.002077994613757615 3
1 0.5633171381900308 0.9082928222312469 0.0010061273718767717 0.0021082578701755728 3
1 0.6738661902796387 0.13566006948672701 0.0017900980519438966 0.0022184225522155396 3
1 0.6048442629341095 0.7463283617378966 0.0015651535891153471 0.0028789171902492815 3
1 0.43130737218477117 0.11032126083775362 0.0017542657296419387 0.002059979119845217 3
2 0.7148100745831473 0.6404563076292482 0.0012493757348024954 0.0022386346007667057 3
1 0.8113292767762035 0.36308081825757826 0.001593908117700776 0.0027367264668358223 3
1 0.4326305458320564 0.10912567035131611 0.0017542276530483252 0.0020602178045251397 3
1 0.4009118281327675 0.36307216719864044 0.0016298403681678036 0.001921929642158227 3
2 0.4357999556954321 0.3180414687157073 0.0015465999096393192 0.001999206994933216 3
1 0.44829404587770316 0.8865808738483721 0.0010103248775130591 0.0019842059209748252 3
1 0.0786542867086491 0.6382326532402699 0.0012885189518725359 0.001640311106488983 3
1 0.7673117868189123 0.20551683371345852 0.0017247466132088063 0.0022887091210514387 3
1 0.4387551417283863 0.16217887416694943 0.0017324436845323882 0.0019358991636781325 3
1 0.7425433647298523 0.2054664407943744 0.0016174558371032524 0.002310627482644705 3
1 0.3786564789111541 0.18739718600794333 0.0016870847261493919 0.001989070330117456 3
1 0.7811203957977446 0.25461527727373784 0.0017350548572792502 0.0023637871515892095 3
1 0.3541249148851376 0.22534862576715264 0.0016537131163097377 0.0019529576327436602 3
1 0.3667038030757768 0.8497618183571337 0.0011070277229454735 0.0018938516055915437 3
1 0.4748630803585586 0.26060023485169753 0.0016453703538608388 0.0018395499714732486 3
1 0.16023335471638153 0.5144928212091031 0.0013991519804177235 0.0017273909248595209 3
1 0.5672453868254046 0.34477044592545386 0.0015120894017609905 0.002131419658958394 3
1 0.1458004939100954 0.5340856036679205 0.0013830323823563158 0.001710303973109484 3
2 0.7745573363297691 0.38157119946515355 0.0014543593645819516 0.0023019047895995724 3
1 0.14785052912509913 0.529316745055346 0.0013916334567761583 0.0017145629716794118 3
1 0.20174337001231152 0.45272467482668854 0.001456509142150873 0.0017710303987932335 3
1 0.3432825294913904 0.05442435273994254 0.001992726249555251 0.0020496173189113345 3
1 0.5289299735898993 0.4566406679040556 0.0015200928300930108 0.002073506172936152 3
1 0.8435982338965816 0.2486558703081985 0.0015845719995895612 0.0024039882090208767 3
1 0.5715393934256695 0.5729492071695618 0.0019186944036226755 0.002627982704667237 3
1 0.4291949695693672 0.10940244342525823 0.0017500036902684955 0.002055734195749223 3
1 0.27697071503545617 0.3372928327350362 0.0015590799457145359 0.0018586809139795265 3
1 0.46505762471140805 0.2568381605846472 0.0015849802443890608 0.001949018155139006 3
1 0.2669878142783538 0.4485058556375165 0.0014465588437541004 0.001831637506714132 3
1 0.08619516767189081 0.6271653558829767 0.001296567590709767 0.0016484073509445499 3
1 0.1632241090745365 0.5411388932973676 0.001720097105904153 0.001978381318535601 3
1 0.07339740433696822 0.6369865564155689 0.001289109436469358 0.001635910621823963 3
1 0.1208371173114769 0.6253285320411477 0.001292890126674319 0.0016743087608773431 3
