0 0.9259986491642244 0.441381591965795 0.0016450067451698497 0.0008547566202701093 0
0 0.5659308906481626 0.644832724488101 0.001624481531062246 0.001220110637651121 0
1 0.25551191280934393 0.5945590003510051 0.0015565117662907774 0.0005478916875733877 0
1 0.25004399305141745 0.8930414471271054 0.0012951042065215343 0.0006121695396369721 0
0 0.5048571468722419 0.6986828272392879 0.0015199493008351574 0.000783198394524554 0
0 0.8588298820565857 0.40643355332303777 0.001714452336720537 0.0011623211148931941 0
0 0.29100279091313086 0.5284913496232116 0.028002837440013084 0.002328197147125047 0
0 0.02612639315251367 0.4756798034235947 0.0017963979692295247 0.000634186637802673 0
0 0.6532244583942525 0.3445427128291739 0.03393835367467508 0.0020143171541575594 0
0 0.15299572537488512 0.33068482315521214 0.022062453587653613 0.00197638870912491 0
0 0.4289297204563179 0.41262490965874377 0.022991587802117578 0.0020274338923822357 0
1 0.5141147435121629 0.46141002348323606 0.004816904948229841 0.002423476784526588 0
